Player,Pos,Age,Tm,G,MP,PER,TS%,3PAr,FTr,ORB%,DRB%,TRB%,AST%,STL%,BLK%,TOV%,USG%,OWS,DWS,WS,WS/48,OBPM,DBPM,BPM,VORP
Bam Adebayo,C,25,MIA,23,850,15.8,0.53,0.009,0.274,8.3,22.5,15.3,15.9,1.2,1.8,13.8,23.8,0.3,1.1,1.4,0.078,-1.2,0.6,-0.6,0.3
Santi Aldama,PF,22,MEM,6,101,15.0,0.576,0.455,0.061,6.6,20.6,13.1,10.9,1.4,0.0,5.6,14.9,0.2,0.1,0.3,0.139,2.3,1.7,4.0,0.2
Nickeil Alexander-Walker,SG,24,MIN,5,148,7.7,0.578,0.714,0.086,0.8,7.3,3.9,7.1,1.0,0.6,9.9,12.6,0.0,0.0,0.0,0.011,-1.9,0.0,-1.9,0.0
Grayson Allen,SG,27,MIL,5,149,11.0,0.658,0.707,0.171,0.7,8.7,4.5,7.8,0.6,0.0,8.3,13.6,0.2,0.0,0.2,0.073,-0.2,-1.0,-1.1,0.0
Jarrett Allen,C,24,CLE,5,191,13.9,0.608,0.0,0.167,9.5,12.9,11.3,10.2,1.1,2.3,7.2,10.2,0.3,0.3,0.6,0.15,0.6,1.8,2.4,0.2
Kyle Anderson,PF,29,MIN,4,104,14.9,0.551,0.2,0.067,3.3,14.9,9.0,27.6,3.4,1.7,16.3,16.4,0.1,0.1,0.2,0.079,-0.5,4.2,3.7,0.1
Giannis Antetokounmpo,PF,28,MIL,3,91,18.8,0.525,0.057,0.585,9.5,32.4,20.4,29.8,0.5,1.9,17.4,37.3,-0.1,0.1,0.0,-0.026,1.3,0.6,2.0,0.1
Thanasis Antetokounmpo,PF,30,MIL,2,5,0.0,,,,0.0,0.0,0.0,0.0,0.0,0.0,,0.0,0.0,0.0,0.0,-0.017,-5.2,-2.3,-7.5,0.0
Deandre Ayton,C,24,PHO,10,319,13.9,0.553,0.0,0.207,10.9,24.4,17.8,4.4,0.9,1.8,12.3,19.0,0.1,0.2,0.3,0.047,-1.9,-1.6,-3.5,-0.1
Patrick Baldwin Jr.,SF,20,GSW,3,11,-4.3,0.0,1.0,0.0,0.0,28.6,14.1,10.4,0.0,0.0,0.0,11.2,-0.1,0.0,0.0,-0.176,-9.8,-2.5,-12.3,0.0
Mo Bamba,C,24,LAL,3,10,2.9,0.0,0.5,0.0,0.0,30.2,15.9,11.8,0.0,9.0,0.0,8.8,0.0,0.0,0.0,-0.083,-6.2,3.1,-3.1,0.0
Desmond Bane,SG,24,MEM,6,231,13.3,0.548,0.431,0.25,2.9,13.7,7.9,14.4,0.6,0.0,11.7,26.4,0.1,0.2,0.3,0.056,1.1,-0.2,0.8,0.2
Harrison Barnes,PF,30,SAC,7,196,12.0,0.525,0.417,0.433,5.1,7.5,6.2,3.5,1.9,1.0,4.0,15.1,0.2,0.2,0.4,0.091,0.0,0.0,0.0,0.1
RJ Barrett,SG,22,NYK,11,377,14.6,0.55,0.372,0.396,1.5,13.3,7.4,15.0,1.2,0.5,11.5,25.7,0.3,0.5,0.8,0.105,0.9,0.4,1.3,0.3
Nicolas Batum,PF,34,LAC,5,92,7.9,0.579,0.895,0.0,1.2,13.4,6.9,8.5,1.1,1.7,9.5,9.6,0.1,0.0,0.1,0.028,-1.5,1.1,-0.4,0.0
Malik Beasley,SG,26,LAL,11,91,5.4,0.45,0.765,0.176,3.7,5.5,4.7,3.0,0.5,0.0,5.2,18.7,-0.1,0.0,0.0,-0.019,-3.6,-2.1,-5.7,-0.1
MarJon Beauchamp,SF,22,MIL,2,5,32.9,0.833,0.333,0.0,0.0,23.6,11.3,0.0,0.0,0.0,0.0,25.3,0.0,0.0,0.0,0.21,13.4,1.2,14.6,0.0
Saddiq Bey,SF,23,ATL,6,133,10.9,0.512,0.45,0.225,5.2,15.2,9.8,5.6,1.1,0.0,4.4,14.2,0.1,0.0,0.1,0.038,-0.6,-1.5,-2.1,0.0
Bismack Biyombo,C,30,PHO,8,78,15.4,0.564,0.0,1.125,15.3,24.9,20.2,9.8,0.0,10.6,20.1,16.9,0.1,0.1,0.1,0.088,-4.4,2.9,-1.5,0.0
Bogdan Bogdanović,SG,30,ATL,6,157,19.1,0.701,0.611,0.13,1.3,12.1,6.2,13.2,1.8,3.0,5.0,15.7,0.5,0.0,0.5,0.165,3.3,2.7,6.0,0.3
Devin Booker,SG,26,PHO,11,459,28.6,0.686,0.253,0.278,3.1,10.2,6.7,29.1,2.0,1.6,10.6,29.0,2.1,0.2,2.3,0.236,8.7,2.0,10.7,1.5
Brandon Boston Jr.,SF,21,LAC,1,1,-50.5,,,,0.0,0.0,0.0,0.0,0.0,0.0,100.0,42.0,0.0,0.0,0.0,-1.438,-40.9,-17.3,-58.2,0.0
Christian Braun,SG,21,DEN,19,247,9.5,0.572,0.222,0.422,5.9,12.3,9.2,5.7,2.3,1.4,15.8,11.5,0.1,0.4,0.5,0.091,-3.3,2.0,-1.4,0.0
Mikal Bridges,SG,26,BRK,4,157,16.3,0.539,0.325,0.299,1.5,13.7,7.7,20.5,0.7,1.2,8.4,29.8,0.0,0.1,0.1,0.027,2.2,-0.8,1.4,0.1
Malcolm Brogdon,PG,30,BOS,19,474,13.4,0.535,0.444,0.179,3.2,12.4,8.0,17.2,0.3,0.9,8.2,22.0,0.5,0.3,0.7,0.076,-0.2,-1.5,-1.6,0.0
Dillon Brooks,SF,27,MEM,6,167,2.4,0.393,0.545,0.091,1.7,9.8,5.5,10.3,0.3,0.0,8.0,21.8,-0.4,0.1,-0.3,-0.082,-6.1,-1.4,-7.5,-0.2
Bruce Brown,SF,26,DEN,20,530,15.5,0.607,0.324,0.278,3.4,13.8,8.8,10.2,2.0,1.5,10.4,18.7,0.8,0.7,1.6,0.141,-0.3,1.4,1.1,0.4
Jaylen Brown,SF,26,BOS,20,751,15.5,0.57,0.31,0.203,3.9,12.9,8.5,15.0,1.4,0.9,14.2,27.9,0.2,0.6,0.8,0.051,-0.4,-0.6,-0.9,0.2
Troy Brown Jr.,SF,23,LAL,12,124,7.8,0.393,0.536,0.0,3.6,16.2,10.3,11.5,0.8,0.7,0.0,9.9,0.0,0.1,0.1,0.05,-2.5,1.1,-1.4,0.0
Jalen Brunson,PG,26,NYK,11,443,22.9,0.589,0.348,0.296,2.3,11.5,7.0,28.6,2.0,0.2,8.1,28.4,1.4,0.6,2.1,0.227,6.1,1.6,7.7,1.1
Thomas Bryant,C,25,DEN,1,0,,,,,,,,,,,,,0.0,0.0,0.0,,-3.7,-0.7,-4.3,0.0
Jimmy Butler,PF,33,MIA,22,874,24.0,0.565,0.176,0.421,6.0,12.6,9.3,25.1,2.3,1.6,7.3,29.1,2.4,1.1,3.4,0.189,5.0,1.5,6.5,1.9
Kentavious Caldwell-Pope,SG,29,DEN,20,671,11.3,0.598,0.568,0.216,2.5,8.5,5.6,6.0,2.0,1.7,7.8,12.9,0.8,0.9,1.6,0.117,-1.4,1.3,-0.1,0.3
Vlatko Čančar,PF,25,DEN,5,10,-13.1,0.0,0.8,0.0,0.0,33.7,17.5,11.4,0.0,0.0,0.0,22.5,-0.1,0.0,-0.1,-0.427,-15.2,-5.7,-20.9,0.0
Clint Capela,C,28,ATL,6,151,16.5,0.615,0.0,0.158,9.8,27.6,17.9,2.6,1.9,1.9,9.0,12.2,0.2,0.1,0.3,0.103,0.4,-0.6,-0.2,0.1
Jevon Carter,PG,27,MIL,4,49,2.6,0.278,0.778,0.0,0.0,9.6,4.6,9.5,1.0,0.0,0.0,7.7,0.0,0.0,0.0,-0.04,-6.0,-1.8,-7.7,-0.1
Justin Champagnie,SF,21,BOS,4,10,-7.4,0.25,0.75,0.0,0.0,0.0,0.0,0.0,0.0,0.0,0.0,18.1,0.0,0.0,0.0,-0.213,-15.3,-4.0,-19.2,0.0
Max Christie,SG,19,LAL,9,33,15.6,0.553,0.4,0.4,3.4,18.3,11.3,13.0,0.0,2.7,0.0,15.7,0.1,0.0,0.1,0.133,0.9,1.1,2.0,0.0
Nic Claxton,C,23,BRK,4,117,18.5,0.714,0.0,0.4,5.0,26.1,15.7,9.2,0.5,5.5,9.3,13.6,0.3,0.2,0.4,0.172,0.9,2.5,3.5,0.2
Amir Coffey,SF,25,LAC,1,1,0.0,,,,0.0,0.0,0.0,0.0,0.0,0.0,,0.0,0.0,0.0,0.0,-0.048,-3.7,-1.8,-5.5,0.0
John Collins,PF,25,ATL,6,164,10.1,0.543,0.533,0.1,4.2,13.8,8.6,4.0,0.6,3.4,12.6,18.0,0.0,0.0,0.0,-0.007,-2.3,-1.1,-3.5,-0.1
Mike Conley,PG,35,MIN,5,183,13.3,0.64,0.524,0.262,1.2,7.2,4.1,26.4,0.8,0.0,13.0,13.6,0.4,0.0,0.4,0.097,0.7,-0.1,0.6,0.1
Pat Connaughton,SF,30,MIL,4,88,21.3,0.756,0.767,0.133,4.9,21.4,12.8,11.3,2.1,1.0,5.9,16.1,0.3,0.1,0.4,0.209,4.4,2.9,7.3,0.2
Robert Covington,PF,32,LAC,2,12,-1.9,0.0,0.667,0.0,0.0,20.6,9.7,19.6,0.0,6.3,0.0,10.5,0.0,0.0,0.0,-0.174,-9.0,1.4,-7.6,0.0
Torrey Craig,PF,32,PHO,11,183,14.1,0.725,0.556,0.2,4.6,11.2,8.0,4.3,1.3,0.9,5.8,12.5,0.5,0.0,0.5,0.131,1.0,0.9,1.8,0.2
Jae Crowder,PF,32,MIL,4,41,0.0,0.252,0.462,0.154,2.6,8.6,5.5,8.9,2.3,0.0,6.7,15.3,-0.1,0.0,-0.1,-0.132,-9.3,-2.5,-11.8,-0.1
Seth Curry,SG,32,BRK,3,58,13.8,0.615,0.474,0.158,0.0,5.8,3.0,19.3,0.0,0.0,4.7,18.1,0.1,0.0,0.1,0.075,1.3,-0.4,0.9,0.0
Stephen Curry,PG,34,GSW,13,493,20.4,0.588,0.505,0.186,1.9,12.3,7.0,27.7,1.3,1.0,11.1,31.6,0.9,0.5,1.3,0.131,6.1,0.4,6.5,1.1
Anthony Davis,C,29,LAL,16,608,24.0,0.599,0.059,0.425,7.0,30.9,19.7,10.7,1.8,7.4,10.1,24.2,1.1,1.4,2.6,0.202,2.8,3.0,5.7,1.2
Terence Davis,SG,25,SAC,4,58,10.2,0.575,0.85,0.1,3.4,12.7,7.9,14.4,0.8,0.0,8.7,15.6,0.1,0.0,0.1,0.114,-0.9,1.6,0.7,0.0
Dewayne Dedmon,C,33,PHI,1,5,-20.0,0.0,1.0,0.0,0.0,23.9,11.7,0.0,0.0,0.0,50.0,18.5,-0.1,0.0,-0.1,-0.494,-21.7,-5.9,-27.6,0.0
Spencer Dinwiddie,PG,29,BRK,4,159,12.8,0.544,0.353,0.431,0.7,8.5,4.7,28.7,1.7,0.6,16.5,22.5,0.0,0.1,0.1,0.018,-0.8,-0.5,-1.3,0.0
Donte DiVincenzo,SG,26,GSW,13,235,10.4,0.512,0.688,0.188,4.8,12.5,8.6,19.9,2.2,1.1,19.7,15.1,0.0,0.3,0.3,0.06,-1.8,1.9,0.1,0.1
PJ Dozier,SF,26,SAC,3,6,40.9,0.667,0.667,0.0,16.5,17.5,17.0,0.0,0.0,0.0,0.0,39.7,0.0,0.0,0.0,0.281,23.1,1.1,24.1,0.0
Goran Dragić,PG,36,MIL,2,7,16.4,0.532,0.5,2.0,0.0,0.0,0.0,15.9,0.0,0.0,0.0,22.6,0.0,0.0,0.0,0.156,-0.4,-3.1,-3.5,0.0
David Duke Jr.,SG,23,BRK,1,5,-15.4,0.333,0.333,0.0,0.0,0.0,0.0,0.0,0.0,0.0,25.0,39.4,-0.1,0.0,-0.1,-0.614,-24.8,-12.5,-37.3,0.0
Kevin Durant,PF,34,PHO,11,466,21.1,0.599,0.228,0.429,1.8,21.8,12.0,19.6,1.0,2.7,12.8,28.8,0.9,0.2,1.1,0.114,3.7,0.9,4.6,0.8
Anthony Edwards,SG,21,MIN,5,199,27.5,0.602,0.377,0.342,1.7,13.2,7.3,26.4,2.3,4.4,5.7,32.3,0.6,0.2,0.8,0.19,7.3,3.2,10.4,0.6
Kessler Edwards,SF,22,SAC,6,7,1.7,,,,0.0,15.0,7.3,0.0,0.0,0.0,,0.0,0.0,0.0,0.0,0.026,-5.8,-0.3,-6.2,0.0
Joel Embiid,C,28,PHI,9,336,20.3,0.561,0.183,0.549,5.4,25.6,15.3,12.7,0.9,8.1,15.6,31.0,0.1,0.5,0.6,0.09,0.9,1.0,1.9,0.3
Dorian Finney-Smith,PF,29,BRK,4,101,8.5,0.543,0.739,0.0,7.0,13.4,10.2,4.8,1.6,1.8,17.9,13.6,-0.1,0.1,0.0,0.009,-2.1,0.9,-1.2,0.0
De'Aaron Fox,PG,25,SAC,7,270,18.9,0.524,0.382,0.248,4.4,10.1,7.2,33.6,2.6,1.4,13.3,31.0,0.2,0.3,0.5,0.092,4.0,1.0,5.0,0.5
Wenyen Gabriel,C,25,LAL,10,37,12.0,0.442,0.0,0.3,24.4,2.7,12.9,0.0,2.6,7.3,15.0,15.8,0.0,0.1,0.1,0.077,-6.2,-0.3,-6.4,0.0
Darius Garland,PG,23,CLE,5,189,13.3,0.566,0.388,0.313,0.0,5.3,2.8,24.1,2.2,0.5,16.5,27.0,0.0,0.2,0.2,0.056,0.7,0.5,1.2,0.2
Rudy Gobert,C,30,MIN,5,177,18.2,0.648,0.0,0.587,11.6,29.0,20.1,9.3,0.6,2.5,12.1,17.2,0.4,0.1,0.5,0.145,-0.3,0.7,0.3,0.1
Aaron Gordon,PF,27,DEN,20,713,14.1,0.588,0.236,0.354,8.3,11.2,9.8,9.9,0.8,1.6,8.2,15.5,1.4,0.7,2.1,0.142,0.4,-0.6,-0.2,0.3
Eric Gordon,SG,34,LAC,5,149,9.2,0.547,0.659,0.136,0.7,5.0,2.7,12.0,1.0,1.0,7.9,14.3,0.1,-0.1,0.1,0.019,-0.9,-0.4,-1.3,0.0
Danny Green,SG,35,CLE,4,40,1.7,0.3,0.8,0.0,6.1,14.0,10.2,3.5,2.6,2.2,28.6,8.2,-0.1,0.1,0.0,-0.003,-7.8,3.1,-4.8,0.0
Draymond Green,PF,32,GSW,12,367,14.6,0.535,0.22,0.363,5.3,18.3,11.7,29.4,2.3,2.8,20.4,14.9,0.4,0.6,1.0,0.126,-1.2,4.1,2.8,0.5
JaMychal Green,PF,32,GSW,7,49,5.6,0.5,0.783,0.0,0.0,10.7,5.3,8.9,0.0,1.7,8.0,21.0,0.0,0.0,0.0,-0.004,-5.4,-0.7,-6.1,-0.1
Jeff Green,PF,36,DEN,20,343,6.8,0.583,0.452,0.306,2.1,8.2,5.3,5.1,0.7,1.8,11.3,10.4,0.2,0.3,0.6,0.078,-3.7,-0.1,-3.8,-0.2
Blake Griffin,C,33,BOS,1,6,-3.3,0.0,0.0,0.0,19.6,18.6,19.1,0.0,0.0,0.0,0.0,7.5,0.0,0.0,0.0,-0.054,-13.3,-4.9,-18.1,0.0
Quentin Grimes,SG,22,NYK,9,242,5.5,0.452,0.804,0.239,1.4,10.3,5.9,7.9,1.9,2.1,16.4,11.2,-0.2,0.4,0.2,0.04,-3.4,1.0,-2.4,0.0
Rui Hachimura,PF,24,LAL,16,388,16.0,0.668,0.298,0.26,2.6,12.7,7.9,3.9,1.0,0.9,6.4,17.7,0.8,0.4,1.2,0.146,1.3,0.9,2.2,0.4
James Harden,PG,33,PHI,11,427,18.5,0.538,0.448,0.301,1.6,17.4,9.3,36.2,2.5,1.0,14.5,26.2,0.5,0.5,1.0,0.111,3.0,1.1,4.1,0.6
Montrezl Harrell,C,29,PHI,2,7,-16.0,0.0,0.0,0.0,0.0,17.1,8.3,0.0,0.0,0.0,0.0,19.8,-0.1,0.0,-0.1,-0.461,-16.8,-8.1,-25.0,0.0
Joe Harris,SF,31,BRK,4,44,-5.4,0.252,0.923,0.154,0.0,12.8,6.5,0.0,2.4,0.0,17.8,18.9,-0.3,0.0,-0.2,-0.262,-13.1,-2.5,-15.6,-0.2
Tobias Harris,SF,30,PHI,11,392,16.1,0.597,0.306,0.112,4.9,19.2,11.9,7.9,0.9,1.7,5.4,17.5,0.7,0.4,1.1,0.131,1.0,0.3,1.4,0.3
Shaquille Harrison,SG,29,LAL,8,28,22.2,0.635,0.143,0.286,0.0,10.8,5.7,45.5,3.5,0.0,0.0,12.4,0.1,0.0,0.2,0.286,0.7,2.1,2.8,0.0
Josh Hart,SF,27,NYK,11,353,10.8,0.55,0.34,0.234,5.8,20.3,13.1,11.2,1.3,0.9,16.8,15.7,0.1,0.6,0.6,0.088,-1.9,0.9,-0.9,0.1
Isaiah Hartenstein,C,24,NYK,11,220,13.5,0.566,0.0,0.696,12.0,14.5,13.2,9.3,2.1,6.9,14.3,7.1,0.3,0.5,0.8,0.17,-1.4,3.9,2.5,0.2
Udonis Haslem,C,42,MIA,2,3,-36.0,0.0,0.333,0.0,0.0,38.8,19.0,0.0,0.0,0.0,0.0,45.0,-0.1,0.0,-0.1,-1.055,-33.2,-18.0,-51.1,0.0
Sam Hauser,SF,25,BOS,15,104,9.3,0.502,0.828,0.069,5.7,12.8,9.4,5.1,0.5,1.7,0.0,13.0,0.1,0.1,0.2,0.079,-1.2,-1.0,-2.2,0.0
Tyler Herro,SG,23,MIA,1,19,20.4,0.667,0.444,0.0,0.0,12.2,6.0,18.8,0.0,5.3,10.0,23.7,0.0,0.0,0.1,0.136,3.4,-0.6,2.8,0.0
Haywood Highsmith,PF,26,MIA,18,161,17.0,0.728,0.41,0.128,7.0,10.1,8.5,4.6,3.2,1.2,4.6,12.1,0.4,0.2,0.7,0.198,1.2,3.5,4.7,0.3
Aaron Holiday,PG,26,ATL,1,4,-4.9,,,,0.0,0.0,0.0,27.3,0.0,0.0,100.0,10.3,0.0,0.0,0.0,-0.273,-8.4,-3.3,-11.6,0.0
Jrue Holiday,PG,32,MIL,5,191,13.7,0.491,0.494,0.153,2.3,17.9,9.7,29.1,1.2,0.9,11.7,22.6,0.1,0.1,0.2,0.04,-0.2,-1.2,-1.4,0.0
Al Horford,C,36,BOS,20,617,12.8,0.497,0.712,0.03,5.7,20.4,13.3,12.5,1.8,4.9,7.6,10.6,0.6,0.9,1.5,0.118,-0.4,3.2,2.8,0.7
Danuel House Jr.,SF,29,PHI,7,42,9.9,0.466,0.476,0.048,0.0,34.1,16.6,4.4,0.0,0.0,4.5,24.7,-0.1,0.0,0.0,-0.025,-4.2,-1.1,-5.3,0.0
Kevin Huerter,SG,24,SAC,7,183,6.6,0.424,0.542,0.111,0.5,17.2,8.6,6.1,0.8,4.7,5.0,17.2,-0.2,0.2,0.0,0.008,-4.6,0.5,-4.1,-0.1
De'Andre Hunter,SF,25,ATL,6,224,10.8,0.559,0.447,0.118,3.1,14.3,8.2,4.2,0.9,0.8,9.1,18.1,0.1,0.0,0.1,0.016,-1.9,-1.2,-3.1,-0.1
Bones Hyland,PG,22,LAC,5,82,8.0,0.444,0.455,0.227,1.3,4.5,2.8,7.3,2.4,0.9,7.6,26.9,-0.1,0.0,-0.1,-0.086,-4.7,-2.2,-6.8,-0.1
Joe Ingles,SF,35,MIL,5,89,12.2,0.739,0.87,0.0,1.2,6.6,3.8,14.7,1.6,1.0,20.7,13.7,0.1,0.0,0.1,0.078,0.2,0.0,0.2,0.1
Jaren Jackson Jr.,C,23,MEM,6,220,14.1,0.546,0.301,0.434,8.6,13.4,10.8,6.5,1.3,4.8,15.4,22.2,0.0,0.3,0.3,0.072,-1.5,1.4,-0.1,0.1
Reggie Jackson,PG,32,DEN,6,18,9.7,0.75,1.0,0.0,0.0,12.5,6.5,13.5,2.8,0.0,33.3,7.5,0.0,0.0,0.0,0.091,-1.8,3.6,1.7,0.0
LeBron James,PF,38,LAL,16,619,22.6,0.584,0.359,0.312,4.6,21.6,13.6,27.4,1.3,2.6,10.7,26.6,1.3,0.9,2.2,0.171,5.5,2.0,7.6,1.5
DaQuan Jeffries,SG,25,NYK,2,5,-6.7,,,,0.0,0.0,0.0,0.0,0.0,0.0,,0.0,0.0,0.0,0.0,0.03,-19.0,-1.0,-20.1,0.0
Cameron Johnson,PF,26,BRK,4,152,16.4,0.637,0.509,0.127,2.3,14.9,8.7,13.8,1.1,0.6,7.9,20.4,0.2,0.1,0.3,0.105,2.2,1.0,3.2,0.2
Jalen Johnson,SF,21,ATL,6,56,13.9,0.523,0.458,0.083,3.5,27.6,14.5,19.4,2.6,0.0,16.7,22.0,0.0,0.0,0.0,0.013,-0.4,2.2,1.8,0.1
Nikola Jokić,C,27,DEN,20,789,31.2,0.631,0.184,0.336,10.6,28.4,19.8,41.0,1.4,2.2,12.8,31.1,3.7,1.3,5.0,0.305,9.1,3.7,12.8,3.0
Tyus Jones,PG,26,MEM,6,120,7.9,0.362,0.528,0.083,2.4,13.7,7.6,26.4,3.2,0.0,17.7,15.8,-0.2,0.2,0.0,-0.013,-4.5,2.2,-2.3,0.0
DeAndre Jordan,C,34,DEN,4,14,8.8,0.644,0.0,0.667,0.0,32.1,16.6,9.7,0.0,6.2,34.0,18.9,0.0,0.0,0.0,-0.011,-7.2,4.6,-2.6,0.0
Nikola Jović,PF,19,MIA,7,13,3.8,0.25,0.5,0.0,8.6,35.8,22.0,0.0,0.0,0.0,0.0,13.8,0.0,0.0,0.0,-0.067,-6.4,-3.2,-9.6,0.0
Luke Kennard,SG,26,MEM,5,107,15.1,0.727,0.696,0.174,4.4,15.3,9.5,9.7,1.8,0.0,3.9,10.1,0.3,0.1,0.4,0.19,1.8,3.1,4.8,0.2
Nathan Knight,C,25,MIN,2,5,-11.0,0.25,0.5,0.0,22.8,0.0,11.7,0.0,0.0,0.0,20.0,46.2,-0.1,0.0,-0.1,-0.67,-13.9,-12.1,-25.9,0.0
John Konchar,SF,26,MEM,5,49,5.3,0.222,0.444,0.0,7.7,13.4,10.4,11.0,2.0,3.6,10.0,8.5,-0.1,0.1,0.0,0.012,-5.4,3.4,-2.0,0.0
Furkan Korkmaz,SG,25,PHI,3,11,-0.1,0.347,0.5,1.0,0.0,10.9,5.3,12.0,0.0,0.0,25.8,16.3,0.0,0.0,0.0,-0.145,-6.7,-3.1,-9.8,0.0
Luke Kornet,C,27,BOS,8,32,28.5,0.957,0.125,0.25,18.4,17.4,17.9,0.0,0.0,2.8,0.0,12.5,0.2,0.0,0.2,0.337,7.6,0.6,8.2,0.1
Jonathan Kuminga,PF,20,GSW,10,61,15.6,0.608,0.292,0.375,6.7,8.6,7.6,12.4,1.6,0.0,12.5,21.6,0.1,0.1,0.1,0.099,0.5,0.2,0.7,0.0
Anthony Lamb,SF,25,GSW,6,31,3.7,0.5,0.8,0.0,3.3,16.9,10.0,0.0,1.5,2.7,28.6,9.3,0.0,0.0,0.0,-0.01,-6.7,0.7,-6.0,0.0
Jock Landale,C,27,PHO,7,113,16.2,0.648,0.037,0.519,10.6,18.2,14.5,3.6,1.3,2.2,5.7,13.7,0.3,0.1,0.3,0.144,-0.1,0.1,0.1,0.1
Damion Lee,SG,30,PHO,8,89,5.2,0.407,0.75,0.1,5.4,9.0,7.2,6.8,1.1,0.0,4.6,10.8,0.0,0.0,0.0,-0.009,-3.6,-0.8,-4.5,-0.1
Alex Len,C,29,SAC,7,54,11.2,0.816,0.0,0.667,12.8,25.3,18.9,2.6,0.0,5.3,37.6,13.7,0.0,0.1,0.1,0.084,-6.3,1.3,-5.0,0.0
Kawhi Leonard,SF,31,LAC,2,80,29.9,0.67,0.227,0.386,4.1,15.5,9.4,27.3,2.4,1.0,10.4,30.2,0.4,0.0,0.4,0.227,10.1,3.7,13.8,0.3
Meyers Leonard,C,30,MIL,2,5,-5.1,0.0,0.0,0.0,0.0,23.6,11.3,0.0,0.0,0.0,0.0,8.4,0.0,0.0,0.0,-0.201,-10.4,-5.3,-15.7,0.0
Caris LeVert,SG,28,CLE,5,170,12.4,0.546,0.571,0.206,2.9,12.5,7.9,13.3,0.6,0.5,6.8,20.3,0.1,0.2,0.3,0.092,1.2,0.8,2.1,0.2
Kenneth Lofton Jr.,PF,20,MEM,4,12,12.2,0.394,0.25,0.25,7.9,18.2,12.7,15.6,0.0,0.0,0.0,30.9,0.0,0.0,0.0,-0.042,2.4,-2.6,-0.2,0.0
Kevon Looney,C,26,GSW,13,325,18.8,0.584,0.0,0.281,19.1,35.1,27.0,17.4,1.2,1.3,15.3,10.8,0.8,0.6,1.4,0.206,1.4,1.8,3.1,0.4
Brook Lopez,C,34,MIL,5,182,18.4,0.653,0.254,0.194,8.3,11.6,9.9,4.8,1.8,4.4,13.1,19.4,0.3,0.1,0.4,0.113,1.0,0.4,1.4,0.2
Robin Lopez,C,34,CLE,2,6,46.9,1.031,0.0,0.667,20.2,0.0,9.7,0.0,0.0,0.0,20.5,38.1,0.1,0.0,0.1,0.443,10.8,5.6,16.4,0.0
Kevin Love,PF,34,MIA,20,359,13.7,0.543,0.739,0.134,4.4,31.4,17.7,9.6,1.3,2.0,7.4,17.0,0.3,0.6,0.9,0.115,0.1,1.1,1.3,0.3
Kyle Lowry,PG,36,MIA,23,599,13.4,0.562,0.506,0.19,2.2,13.4,7.7,24.1,2.0,2.3,17.5,17.2,0.4,0.8,1.2,0.095,-0.6,2.4,1.8,0.6
Trey Lyles,PF,27,SAC,7,118,12.6,0.545,0.675,0.125,7.6,27.6,17.3,6.0,0.8,0.0,6.6,15.2,0.1,0.1,0.3,0.114,0.4,-0.1,0.3,0.1
Terance Mann,SG,26,LAC,5,133,13.2,0.717,0.576,0.273,5.7,8.4,7.0,11.7,1.5,0.6,19.6,14.5,0.2,0.0,0.2,0.07,0.8,0.7,1.5,0.1
Caleb Martin,SF,27,MIA,23,694,15.3,0.657,0.505,0.17,4.4,16.4,10.3,7.8,1.5,1.3,9.8,15.9,1.2,0.8,2.0,0.14,0.6,1.7,2.3,0.8
Wesley Matthews,SF,36,MIL,2,41,11.3,0.667,0.778,0.0,2.6,5.7,4.1,3.0,2.3,2.1,0.0,9.2,0.1,0.0,0.1,0.106,1.6,3.2,4.8,0.1
Tyrese Maxey,SG,22,PHI,11,423,16.8,0.55,0.443,0.161,2.4,12.4,7.3,10.5,1.9,1.3,3.7,23.4,0.6,0.4,1.0,0.117,1.9,0.4,2.2,0.5
Miles McBride,PG,22,NYK,8,20,4.5,0.375,0.75,0.0,0.0,11.4,5.7,7.3,0.0,5.0,0.0,8.9,0.0,0.0,0.0,0.048,-2.7,1.8,-0.9,0.0
Jalen McDaniels,SF,25,PHI,8,102,5.2,0.475,0.45,0.0,3.3,15.2,9.1,7.2,0.5,0.0,13.0,10.4,0.0,0.1,0.0,0.011,-4.3,-0.8,-5.0,-0.1
Jordan McLaughlin,PG,26,MIN,2,14,-7.5,0.0,0.5,0.0,0.0,17.1,8.3,18.5,0.0,0.0,0.0,13.2,-0.1,0.0,-0.1,-0.269,-15.3,-2.9,-18.1,-0.1
De'Anthony Melton,SG,24,PHI,11,274,12.6,0.515,0.605,0.099,5.8,9.6,7.7,10.2,2.5,3.6,8.6,15.6,0.2,0.3,0.5,0.086,0.2,1.7,1.9,0.3
Chimezie Metu,PF,25,SAC,3,6,2.1,0.431,0.0,3.0,16.5,0.0,8.5,0.0,0.0,0.0,30.1,21.9,0.0,0.0,0.0,-0.161,-7.2,-5.6,-12.7,0.0
Khris Middleton,SF,31,MIL,5,173,19.1,0.6,0.372,0.349,4.4,17.0,10.4,26.9,0.8,0.0,14.6,28.3,0.3,0.0,0.4,0.105,2.5,-0.9,1.6,0.2
Patty Mills,PG,34,BRK,1,5,-20.4,0.0,1.0,0.0,0.0,0.0,0.0,0.0,0.0,0.0,0.0,19.7,-0.1,0.0,-0.1,-0.534,-20.0,-6.0,-26.0,0.0
Shake Milton,SG,26,PHI,6,21,17.5,0.68,0.2,0.4,0.0,17.1,8.3,15.5,5.0,0.0,14.5,15.2,0.0,0.0,0.1,0.181,-2.4,5.6,3.2,0.0
Josh Minott,SF,20,MIN,1,6,6.1,0.0,1.0,0.0,0.0,0.0,0.0,0.0,17.0,14.7,50.0,15.4,-0.1,0.0,0.0,-0.193,-14.8,12.9,-1.9,0.0
Davion Mitchell,PG,24,SAC,7,140,9.6,0.514,0.587,0.13,2.1,4.5,3.3,11.9,2.0,0.7,11.0,15.5,0.0,0.1,0.1,0.047,-1.6,0.7,-0.9,0.0
Donovan Mitchell,SG,26,CLE,5,207,15.7,0.518,0.433,0.173,1.8,11.9,7.0,33.7,2.5,1.3,14.5,29.7,-0.1,0.3,0.3,0.059,2.7,2.0,4.8,0.4
Evan Mobley,PF,21,CLE,5,188,9.5,0.476,0.021,0.167,9.7,20.8,15.5,8.6,0.8,2.8,18.9,15.8,-0.2,0.3,0.1,0.036,-3.0,0.8,-2.2,0.0
Malik Monk,SG,24,SAC,7,205,18.3,0.58,0.419,0.527,2.9,16.4,9.5,18.2,1.1,1.4,10.9,24.9,0.4,0.2,0.6,0.152,2.5,0.8,3.3,0.3
Moses Moody,SG,20,GSW,12,161,16.7,0.725,0.512,0.279,4.4,15.6,9.9,6.8,1.5,2.1,4.0,12.8,0.5,0.2,0.7,0.202,1.5,3.2,4.8,0.3
Wendell Moore Jr.,SG,21,MIN,1,2,-26.6,,,,0.0,0.0,0.0,0.0,0.0,0.0,100.0,23.1,0.0,0.0,0.0,-0.757,-24.9,-9.0,-33.9,0.0
Ja Morant,PG,23,MEM,5,187,18.4,0.524,0.292,0.245,4.1,15.2,9.2,34.4,2.3,0.5,12.6,30.1,0.0,0.3,0.3,0.082,4.2,2.1,6.3,0.4
Marcus Morris,PF,33,LAC,3,68,6.1,0.423,0.414,0.138,1.6,20.0,10.2,0.0,0.7,1.1,3.1,19.6,-0.1,0.0,-0.1,-0.072,-5.2,-2.3,-7.4,-0.1
Dejounte Murray,SG,26,ATL,5,190,20.5,0.538,0.359,0.087,4.7,16.9,10.2,26.5,2.5,0.5,8.5,25.3,0.3,0.1,0.4,0.1,3.9,1.3,5.1,0.3
Jamal Murray,PG,25,DEN,20,799,21.6,0.586,0.363,0.198,2.3,13.8,8.2,28.1,1.9,0.5,10.1,27.9,2.0,1.0,3.0,0.181,4.1,0.7,4.8,1.4
Keegan Murray,SF,22,SAC,7,194,11.4,0.561,0.552,0.103,7.7,15.7,11.6,3.6,1.0,1.0,6.2,13.2,0.2,0.2,0.4,0.102,-0.3,0.3,0.0,0.1
Mike Muscala,C,31,BOS,6,21,17.9,0.781,1.0,1.0,16.8,5.3,10.9,6.3,0.0,0.0,14.8,14.6,0.1,0.0,0.1,0.21,5.5,-0.6,4.9,0.0
Raul Neto,PG,30,CLE,2,7,-18.2,0.266,1.0,2.0,0.0,0.0,0.0,19.5,0.0,0.0,51.5,26.0,-0.1,0.0,-0.1,-0.48,-19.1,-4.8,-23.9,0.0
Georges Niang,PF,29,PHI,11,157,6.4,0.667,0.722,0.0,0.0,3.0,1.5,2.0,0.0,1.4,12.2,12.1,0.1,0.0,0.1,0.04,-2.2,-1.7,-3.9,-0.1
Zeke Nnaji,PF,22,DEN,5,12,12.4,0.625,0.75,0.0,0.0,18.7,9.7,0.0,4.2,0.0,20.0,18.7,0.0,0.0,0.0,0.036,-0.2,2.4,2.2,0.0
Jaylen Nowell,SG,23,MIN,5,62,-1.1,0.298,0.346,0.077,7.4,1.9,4.7,7.2,0.0,0.0,6.9,21.5,-0.2,0.0,-0.3,-0.213,-6.5,-5.7,-12.2,-0.2
Royce O'Neale,SF,29,BRK,4,118,5.5,0.335,0.759,0.069,4.0,12.4,8.3,18.3,2.3,0.8,11.8,14.1,-0.2,0.1,-0.1,-0.045,-4.7,1.0,-3.7,-0.1
Josh Okogie,SG,24,PHO,10,175,9.3,0.48,0.378,0.351,8.2,5.9,7.0,9.1,1.7,0.9,6.6,11.5,0.2,0.0,0.2,0.048,-2.2,-0.1,-2.3,0.0
Onyeka Okongwu,C,22,ATL,6,131,14.0,0.612,0.04,0.4,14.4,17.3,15.7,6.7,0.7,5.7,19.2,11.4,0.2,0.0,0.2,0.084,-2.0,0.1,-1.9,0.0
Isaac Okoro,SF,22,CLE,5,75,12.8,0.624,0.565,0.261,4.8,6.0,5.4,9.1,1.4,2.4,13.5,18.5,0.1,0.1,0.2,0.111,0.0,2.4,2.4,0.1
Victor Oladipo,SG,30,MIA,2,45,14.7,0.566,0.263,0.158,2.5,15.5,8.9,7.4,2.3,2.2,9.0,22.3,0.0,0.1,0.1,0.065,-4.4,-0.9,-5.3,0.0
Cedi Osman,SF,27,CLE,5,93,6.7,0.518,0.8,0.36,1.3,16.8,9.4,8.4,1.1,1.0,14.7,17.1,-0.1,0.1,0.1,0.038,-4.1,1.4,-2.8,0.0
Chris Paul,PG,37,PHO,7,250,14.7,0.469,0.308,0.044,2.4,13.7,8.2,27.9,2.4,1.7,7.0,17.5,0.2,0.1,0.3,0.064,0.2,0.7,0.8,0.2
Cameron Payne,PG,28,PHO,7,152,10.3,0.578,0.563,0.063,0.0,10.5,5.4,17.6,1.0,1.1,15.4,16.9,0.0,0.0,0.1,0.017,-1.3,-0.4,-1.7,0.0
Gary Payton II,SG,30,GSW,12,192,17.7,0.707,0.278,0.167,11.7,12.0,11.8,6.8,2.0,2.6,16.0,14.8,0.4,0.2,0.6,0.154,0.9,2.0,2.9,0.2
Mason Plumlee,C,32,LAC,5,91,26.6,0.925,0.0,0.875,19.2,24.5,21.7,14.2,1.1,1.7,11.9,11.6,0.6,0.0,0.6,0.303,5.3,2.3,7.6,0.2
Jordan Poole,PG,23,GSW,13,284,9.6,0.447,0.467,0.252,1.4,8.8,5.1,22.8,1.7,0.9,9.1,23.9,-0.2,0.3,0.1,0.018,-3.3,-0.6,-3.9,-0.1
Michael Porter Jr.,SF,24,DEN,20,654,13.4,0.541,0.56,0.124,3.7,24.4,14.4,6.5,0.8,1.5,3.5,17.6,0.7,0.9,1.6,0.117,0.3,-0.6,-0.3,0.3
Bobby Portis,PF,27,MIL,5,107,16.2,0.567,0.439,0.073,10.1,34.1,21.6,7.9,1.3,1.6,8.6,18.2,0.1,0.1,0.2,0.103,-0.5,-0.3,-0.8,0.0
Norman Powell,SG,29,LAC,5,167,17.6,0.608,0.421,0.408,2.6,8.1,5.2,10.4,1.2,0.9,8.2,24.6,0.4,-0.1,0.3,0.093,2.0,-0.8,1.2,0.1
Jason Preston,PG,23,LAC,1,1,0.0,,,,0.0,0.0,0.0,0.0,0.0,0.0,,0.0,0.0,0.0,0.0,-0.048,-4.9,-2.8,-7.6,0.0
Taurean Prince,PF,28,MIN,5,100,8.3,0.528,0.636,0.273,3.4,4.8,4.1,6.1,1.5,0.9,11.9,19.4,0.0,0.0,0.0,-0.02,-2.7,-1.3,-4.0,0.0
Payton Pritchard,PG,25,BOS,10,57,18.4,0.661,0.455,0.227,0.0,11.7,6.0,30.3,0.9,0.0,17.1,23.2,0.1,0.0,0.2,0.14,3.1,1.8,5.0,0.1
Immanuel Quickley,SG,23,NYK,8,175,7.4,0.481,0.561,0.303,1.3,7.1,4.2,7.6,1.2,0.0,10.7,21.3,-0.1,0.2,0.1,0.024,-2.6,-1.2,-3.7,-0.1
Julius Randle,PF,28,NYK,10,330,11.5,0.485,0.449,0.374,5.9,22.7,14.3,19.2,0.8,0.9,17.0,27.8,-0.4,0.5,0.1,0.017,-0.2,-0.6,-0.8,0.1
Austin Reaves,SG,24,LAL,16,579,15.4,0.616,0.454,0.294,3.9,8.9,6.5,18.2,0.8,0.5,10.2,18.5,1.2,0.4,1.6,0.135,2.0,0.2,2.2,0.6
Paul Reed,C,23,PHI,11,157,20.3,0.621,0.0,0.184,19.5,25.1,22.3,7.2,2.0,2.8,12.7,13.9,0.4,0.2,0.6,0.196,1.4,0.2,1.7,0.1
Austin Rivers,SG,30,MIN,4,46,7.8,0.625,0.75,0.0,2.5,10.4,6.3,3.2,1.1,0.0,11.1,9.0,0.0,0.0,0.0,0.024,-2.8,0.5,-2.2,0.0
Duncan Robinson,SF,28,MIA,23,418,14.0,0.641,0.715,0.051,0.3,9.2,4.6,14.5,1.0,0.7,11.0,19.5,0.6,0.3,0.9,0.101,1.4,0.9,2.3,0.5
Mitchell Robinson,C,24,NYK,11,298,16.6,0.568,0.0,0.688,21.1,17.9,19.5,4.7,1.2,5.4,13.8,10.8,0.5,0.6,1.0,0.165,0.6,0.6,1.2,0.2
David Roddy,PF,21,MEM,6,76,6.2,0.391,0.69,0.034,5.0,18.7,11.4,7.7,0.0,2.3,3.3,16.8,-0.1,0.1,0.0,0.002,-2.0,0.3,-1.6,0.0
Derrick Rose,PG,34,NYK,1,3,-43.9,0.0,0.25,0.0,0.0,0.0,0.0,45.4,0.0,0.0,0.0,59.3,-0.1,0.0,-0.1,-1.176,-35.3,-20.9,-56.2,0.0
Terrence Ross,SG,31,PHO,6,69,3.8,0.407,0.815,0.0,0.0,13.3,6.8,1.9,0.7,2.4,3.6,17.8,-0.1,0.0,-0.1,-0.082,-4.3,-2.5,-6.8,-0.1
Ricky Rubio,PG,32,CLE,3,17,-6.5,0.0,0.0,0.0,14.3,26.3,20.5,24.1,3.1,0.0,83.3,16.5,-0.1,0.0,-0.1,-0.254,-16.4,1.7,-14.7,-0.1
D'Angelo Russell,PG,26,LAL,16,473,12.2,0.516,0.446,0.133,2.4,7.9,5.3,23.2,1.1,1.0,12.3,21.9,0.0,0.4,0.4,0.039,-0.6,-1.1,-1.7,0.0
Domantas Sabonis,C,26,SAC,7,243,15.9,0.517,0.051,0.283,12.6,19.9,16.2,20.8,1.9,2.3,18.9,22.4,0.0,0.3,0.3,0.064,0.1,0.7,0.7,0.2
Dennis Schröder,PG,29,LAL,16,417,7.9,0.512,0.379,0.272,0.8,6.7,3.9,14.7,1.9,0.6,14.8,14.3,-0.1,0.4,0.3,0.036,-4.1,0.8,-3.4,-0.1
Landry Shamet,SG,25,PHO,10,184,6.3,0.513,0.644,0.089,1.9,8.7,5.4,7.4,0.5,0.4,7.9,12.1,0.0,0.0,0.0,0.002,-2.9,-1.4,-4.3,-0.1
Day'Ron Sharpe,C,21,BRK,2,20,19.8,0.773,0.0,0.667,11.7,22.6,17.2,41.1,0.0,4.6,34.0,14.5,0.1,0.0,0.1,0.206,1.4,5.8,7.2,0.0
Marcus Smart,PG,28,BOS,20,679,15.4,0.592,0.547,0.291,3.6,9.7,6.7,21.3,1.9,0.7,15.2,19.8,1.0,0.6,1.6,0.112,0.0,0.7,0.8,0.5
Ish Smith,PG,34,DEN,4,12,4.2,0.5,0.0,0.0,0.0,9.4,4.9,10.5,0.0,0.0,0.0,7.5,0.0,0.0,0.0,0.069,-7.4,0.5,-6.9,0.0
Jaden Springer,SG,20,PHI,4,17,19.1,0.922,0.0,0.5,0.0,0.0,0.0,0.0,3.1,0.0,17.0,16.0,0.0,0.0,0.1,0.154,0.8,2.7,3.5,0.0
Lamar Stevens,SF,25,CLE,2,9,23.9,0.868,0.5,1.0,0.0,37.2,19.4,0.0,0.0,0.0,0.0,15.0,0.0,0.0,0.1,0.366,9.8,4.1,13.8,0.0
Max Strus,SF,26,MIA,23,648,9.8,0.538,0.714,0.132,2.4,12.4,7.3,7.2,0.6,1.1,2.9,14.3,0.5,0.5,1.0,0.077,-1.4,-0.1,-1.4,0.1
Edmond Sumner,SG,27,BRK,1,4,8.4,,,,0.0,0.0,0.0,35.3,0.0,0.0,,0.0,0.0,0.0,0.0,0.1,1.3,-1.1,0.2,0.0
Jayson Tatum,SF,24,BOS,20,799,22.6,0.585,0.406,0.339,3.8,25.6,15.0,21.4,1.3,2.3,10.8,29.4,1.7,1.1,2.8,0.168,4.0,1.3,5.3,1.5
Cam Thomas,SG,21,BRK,2,16,1.9,0.429,0.286,0.0,0.0,7.1,3.6,12.0,0.0,0.0,12.5,24.6,-0.1,0.0,-0.1,-0.182,-9.2,-4.0,-13.2,0.0
Klay Thompson,SF,32,GSW,13,468,9.3,0.525,0.621,0.11,0.2,11.9,6.0,9.0,0.7,0.7,10.2,22.5,-0.2,0.4,0.2,0.016,-1.3,-1.3,-2.6,-0.1
Tristan Thompson,C,31,LAL,6,32,10.3,0.417,0.0,0.455,14.1,18.8,16.6,9.0,0.0,0.0,7.0,19.5,0.0,0.0,0.0,0.003,-3.8,-3.0,-6.8,0.0
Xavier Tillman Sr.,C,24,MEM,6,183,14.2,0.551,0.089,0.111,8.8,18.5,13.3,15.9,1.1,1.9,7.8,11.7,0.3,0.2,0.5,0.138,0.1,3.1,3.2,0.2
Obi Toppin,PF,24,NYK,11,175,14.6,0.533,0.614,0.071,6.5,18.8,12.7,7.1,2.4,1.7,10.0,20.4,0.1,0.3,0.4,0.115,1.6,1.6,3.2,0.2
Karl-Anthony Towns,PF,27,MIN,5,180,12.2,0.553,0.343,0.4,3.8,29.9,16.5,9.4,0.9,2.0,17.9,25.8,-0.2,0.1,-0.1,-0.02,-3.1,-0.7,-3.8,-0.1
P.J. Tucker,PF,37,PHI,11,294,9.5,0.516,0.784,0.059,7.0,13.0,9.9,7.8,2.3,1.1,8.7,9.0,0.2,0.3,0.6,0.092,-1.1,2.1,1.0,0.2
Jarred Vanderbilt,PF,23,LAL,15,247,10.3,0.501,0.483,0.333,8.7,11.8,10.3,6.5,2.2,4.4,15.9,14.5,-0.1,0.4,0.3,0.061,-3.1,1.9,-1.2,0.0
Gabe Vincent,PG,26,MIA,22,672,10.5,0.535,0.549,0.138,1.3,4.0,2.6,17.1,1.4,0.6,10.6,19.5,0.3,0.5,0.7,0.051,-1.9,0.4,-1.5,0.1
Dean Wade,PF,26,CLE,2,11,7.8,0.532,1.0,2.0,0.0,30.4,15.8,0.0,0.0,0.0,0.0,8.0,0.0,0.0,0.0,0.129,-3.2,1.6,-1.6,0.0
Ish Wainright,SF,28,PHO,6,21,1.2,0.375,1.0,0.0,0.0,5.4,2.8,0.0,0.0,3.9,0.0,8.4,0.0,0.0,0.0,-0.054,-4.6,-1.0,-5.6,0.0
Lonnie Walker IV,SG,24,LAL,13,179,13.1,0.613,0.567,0.2,0.6,6.2,3.6,8.9,1.9,0.5,5.8,17.0,0.2,0.2,0.4,0.11,-0.2,1.2,1.0,0.1
T.J. Warren,SF,29,PHO,6,81,4.6,0.385,0.368,0.211,2.9,7.1,5.0,4.5,0.6,3.1,4.6,11.8,-0.1,0.0,-0.1,-0.044,-3.9,-0.6,-4.5,-0.1
Yuta Watanabe,SF,28,BRK,1,5,0.8,0.521,1.0,1.0,0.0,22.6,11.5,0.0,0.0,0.0,25.8,38.2,0.0,0.0,0.0,-0.417,-6.3,-8.9,-15.1,0.0
Peyton Watson,SG,20,DEN,5,14,10.6,0.5,0.4,0.0,8.6,24.0,16.6,9.7,0.0,6.2,16.7,19.3,0.0,0.0,0.0,0.046,-3.5,1.3,-2.1,0.0
Russell Westbrook,PG,34,LAC,5,192,17.6,0.509,0.267,0.238,5.1,18.7,11.5,30.8,1.5,2.8,14.7,29.8,0.1,0.0,0.1,0.021,2.2,-0.1,2.1,0.2
Derrick White,SG,28,BOS,20,593,16.2,0.671,0.598,0.185,2.6,8.6,5.7,10.3,1.0,3.0,8.3,16.5,1.4,0.5,1.9,0.151,2.2,0.8,3.0,0.8
Andrew Wiggins,SF,27,GSW,13,442,13.3,0.538,0.354,0.26,5.5,11.6,8.5,8.2,1.2,2.9,7.8,20.4,0.3,0.5,0.8,0.085,-1.3,0.4,-0.9,0.1
Grant Williams,PF,24,BOS,15,265,12.0,0.662,0.755,0.189,4.9,9.2,7.1,9.0,1.0,2.0,6.5,10.5,0.6,0.2,0.8,0.137,0.1,1.0,1.1,0.2
Robert Williams,C,25,BOS,20,417,19.6,0.786,0.012,0.329,10.2,22.2,16.3,6.6,1.1,5.3,14.1,12.3,1.2,0.6,1.8,0.208,0.6,2.7,3.4,0.6
Ziaire Williams,SF,21,MEM,4,12,-2.4,0.357,0.429,0.0,0.0,18.2,8.5,27.0,0.0,0.0,22.2,31.4,-0.1,0.0,-0.1,-0.275,-6.3,-1.9,-8.2,0.0
Trae Young,PG,24,ATL,6,230,21.1,0.521,0.362,0.289,2.2,8.8,5.2,40.4,2.1,1.6,12.5,34.3,0.3,0.0,0.3,0.066,4.7,-1.1,3.6,0.3
Omer Yurtseven,C,24,MIA,8,16,5.5,0.286,0.286,0.0,21.0,14.5,17.9,8.9,0.0,6.3,12.5,22.5,-0.1,0.0,0.0,-0.113,-8.6,-4.5,-13.1,0.0
Cody Zeller,C,30,MIA,21,174,7.5,0.553,0.0,0.429,7.1,24.7,15.8,5.7,0.6,2.3,23.8,14.1,-0.1,0.2,0.1,0.024,-6.7,-0.1,-6.8,-0.2
Ivica Zubac,C,25,LAC,5,130,14.1,0.621,0.0,0.533,13.4,30.5,21.4,3.2,1.1,0.6,22.9,15.5,0.1,0.0,0.1,0.041,-1.2,-1.0,-2.3,0.0
